2306.2071460122124
